Time this epoch: 0:01:59.837408
Monitoring step:
	Epochs seen: 1
	Batches seen: 200
	Examples seen: 20000
	learning_rate: 0.00100000039674
	momentum: 0.000523589609656
	total_seconds_last_epoch: 139.920593262
	training_seconds_this_epoch: 119.837364197
	valid_objective: 1.541e+08
	valid_term_0: 1.541e+08
	valid_term_1_weight_decay: 0.0375744216144
	valid_y_misclass: 0.511499941349
