Time this epoch: 0:02:02.335435
Monitoring step:
	Epochs seen: 1
	Batches seen: 200
	Examples seen: 20000
	learning_rate: 5.62341338082e-05
	momentum: 0.675000309944
	total_seconds_last_epoch: 135.21307373
	training_seconds_this_epoch: 122.335487366
	valid_objective: 0.466354757547
	valid_term_0: 0.451687961817
	valid_term_1_weight_decay: 0.0146667649969
	valid_y_misclass: 0.212000012398
